4.6875
4.4175
4.67
5.3775
5.1475
4.52
4.8525
4.145
4.895
5.335
4.9375
5.085
5.2925
5.1225
4.3125
5.1675
4.29
4.2475
4.375
5.1475
4.6675
4.8975
5.23
4.7475
4.875
4.8125
5.0825
4.5825
5.335
4.185
5.21
4.8125
4.645
5.4575
4.935
5.27
4.8975
4.0425
4.565
4.875
4.9375
5.3125
4.7525
5.2475
3.895
5.21
5.5225
4.77
4.9375
5.415
5.1875
5.1675
4.4375
5.3725
5.4175
4.3525
5.0625
4.9175
4.9575
4.7275
4.6275
4.9575
5.125
4.915
5.4375
4.6675
4.2275
5.875
5.0
4.855
4.9575
4.4775
5.0
5.0625
4.73
4.7475
4.8975
5.6875
4.5625
5.2475
4.7725
4.4375
5.1675
5.6875
4.77
5.23
4.4175
4.2275
4.8575
4.7525
5.4375
4.8725
4.7725
4.8975
4.75
4.645
4.6425
4.355
4.665
5.145
5.0625
4.54
5.04
5.1225
4.56
4.77
4.4825
4.5425
4.19
4.1875
4.5
4.105
5.1875
5.165
4.1875
5.4375
5.3125
4.585
4.06
5.1875
5.21
5.165
4.52
5.0625
4.46
4.54
4.0425
5.375
5.5625
4.8125
3.8325
5.395
5.1025
4.7725
5.4775
4.5
5.105
5.73
4.665
5.625
4.9575
4.19
4.7275
4.79
5.79
4.5625
5.0425
4.855
5.0425
4.8525
5.585
4.8125
4.4575
4.48
4.6875
5.3325
4.8525
4.9575
4.75
4.5825
5.125
4.8975
5.5825
5.73
5.1675
3.5
5.3725
4.645
4.8325
5.8775
4.605
4.9775
5.02
4.605
4.73
5.04
4.875
4.415
4.8775
4.335
5.52
5.33
4.7075
4.355
5.355
5.0825
3.7725
4.9375
5.105
5.395
4.9575
3.8975
4.355
5.1025
5.3975
4.145
5.5175
5.1675
4.375
5.8125
5.0425
4.855
4.7725
4.9775
4.5425
5.105
4.31
5.125
5.705
4.185
1.46
3.895
4.4575
5.73
4.75
4.1675
4.2925
5.02
4.81
4.9575
5.75
3.98
4.77
4.71
4.8125
4.25
5.4175
5.0825
4.685
4.23
5.21
5.98
4.8725
5.415
4.895
4.395
4.6475
4.375
5.1475
5.04
4.605
5.02
1.355
4.71
4.6675
4.96
4.6025
5.04
5.1025
5.1025
4.665
4.7925
5.1875
5.2725
5.565
4.6475
4.625
5.23
4.5825
4.7725
5.02
4.5025
4.52
5.1875
4.3525
4.5625
4.5625
5.0225
5.0
5.4375
4.5
5.23
5.1275
4.355
1.4375
4.6475
5.0225
4.355
4.645
4.5825
5.02
5.0
5.395
4.605
4.565
5.6475
4.585
5.1875
5.4175
4.795
4.165
4.9775
5.1875
5.4175
4.7475
4.92
4.8325
4.8325
4.29
5.2925
5.2925
4.52
5.185
4.98
4.7925
4.435
1.5425
5.0825
4.75
5.23
4.75
4.73
4.915
5.1675
4.44
5.4375
4.375
5.105
4.625
4.395
4.8125
4.9975
5.585
4.98
5.2075
5.1025
4.71
4.7925
4.9575
4.7925
4.8325
5.2525
4.835
4.8975
4.085
4.3325
4.645
4.5425
1.6875
4.145
3.98
4.75
5.0425
5.1875
3.6875
4.04
4.77
5.44
4.0825
4.8775
5.0
4.71
4.77
5.085
5.73
4.7725
4.6475
5.02
4.77
5.56
5.565
4.7925
4.54
4.5
4.5825
4.7725
5.4775
4.06
4.04
4.9375
1.21
4.0425
5.4175
3.8125
5.29
5.395
5.3325
4.71
5.04
4.4175
5.355
4.4975
4.5225
5.1675
4.25
5.1675
4.75
4.3575
4.75
5.2075
4.895
4.7725
4.3525
4.8525
5.1675
5.5625
4.3325
5.0225
5.165
4.4375
5.395
5.0
1.52
5.3125
4.815
5.4575
5.3325
4.7075
4.3925
4.25
5.2275
4.46
4.605
5.165
4.5625
5.395
4.835
5.1225
5.0425
4.625
5.21
4.6475
5.5825
4.98
4.48
5.065
4.52
4.8125
4.5625
4.9775
5.52
5.085
4.8125
4.875
1.145
5.6025
4.79
5.165
4.96
5.54
4.915
5.5825
5.0825
5.145
5.0425
5.375
5.6475
4.98
5.105
4.5825
4.915
4.4575
5.0425
5.125
4.625
5.6475
4.52
5.625
4.6875
4.5425
4.94
4.79
4.5425
4.8775
5.335
5.4575
1.1875
5.0
5.0
5.27
5.21
4.125
4.52
5.25
5.1875
4.6675
4.25
5.0425
4.835
5.0225
4.645
3.94
4.46
4.6875
4.6875
4.4375
4.8775
5.125
4.6425
4.8125
4.5
4.5625
4.4175
5.665
4.6675
5.02
5.0225
4.6875
1.46
5.0625
3.6675
4.4575
5.3125
5.56
4.4775
5.0
5.52
4.855
4.9775
5.23
5.145
4.3125
4.3325
4.8125
4.8125
4.835
4.2525
5.5625
3.7475
4.5825
4.585
4.855
4.7925
4.625
5.31
4.96
5.165
4.2925
4.7925
4.69
1.9375
5.25
4.75
4.98
5.3125
5.2925
4.73
5.0
5.7075
3.5425
4.625
4.52
5.4575
5.02
4.4175
4.4375
5.645
5.02
4.895
4.625
4.7325
3.295
5.25
4.48
4.915
4.3125
5.605
4.6675
4.7275
4.8125
4.5225
4.185
1.1875
4.5425
4.5425
4.3775
4.54
4.355
4.0825
4.085
5.21
4.665
3.625
5.1875
4.23
4.1875
4.04
4.605
5.06
4.21
4.935
5.5
4.6075
4.645
5.605
4.935
4.7475
5.105
3.6475
4.73
4.3125
5.3725
4.75
5.835
1.8975
4.915
4.6875
5.2925
4.2075
4.6225
5.0025
4.7275
4.8975
4.875
4.52
5.2725
4.98
4.48
4.48
5.0175
5.2525
5.105
4.6675
5.5
4.645
4.21
4.7075
4.98
5.085
4.48
4.73
4.75
5.415
3.8125
5.6225
5.2925
1.7725
4.7475
4.1475
4.8325
5.5625
4.6025
4.1425
4.5
4.8525
3.48
5.4375
5.4375
4.645
4.96
5.4575
4.5225
5.0225
5.145
4.3975
4.6875
5.48
5.27
5.25
5.1475
4.9575
5.2925
5.21
4.81
4.79
5.4175
5.6225
4.9975
1.625
4.1475
4.98
4.605
4.5225
4.8125
5.1475
4.9775
5.23
4.6675
5.4575
4.27
5.5
4.94
5.25
5.31
4.7275
4.5
5.125
5.0425
5.2075
4.875
4.5625
5.8125
5.065
5.2925
4.7275
4.9375
5.7725
4.895
4.6225
4.855
1.1225
5.7075
5.1275
5.3125
3.8975
4.2725
4.605
5.75
4.9375
4.54
5.605
5.29
4.3325
4.2475
4.4575
5.355
5.1675
5.48
4.585
5.0
5.5625
4.5625
5.3325
4.7925
5.42
5.02
4.7925
5.4175
5.2075
4.1875
4.6875
4.27
4.48
4.02
4.6875
4.25
4.4575
4.8975
5.52
5.2275
3.9575
4.6225
5.25
4.46
5.4775
4.5025
5.2925
4.8725
5.3125
4.9175
4.5825
4.2675
5.02
5.2925
4.94
4.1875
4.5425
5.46
5.7925
4.7925
4.21
5.4375
4.855
5.065
5.375
4.4975
5.205
4.8775
4.8525
4.52
4.8575
4.625
4.895
4.415
5.3525
5.27
4.5
5.085
4.6475
4.9375
4.2075
5.0225
5.77
4.73
5.4575
5.5625
5.3975
5.3775
5.5225
3.79
5.1875
4.54
4.835
5.1875
5.04
4.3975
4.6875
4.605
4.645
4.9375
5.0425
5.0425
4.9575
4.9375
5.605
5.395
5.3125
4.605
4.5225
4.4175
5.0425
5.46
4.6075
4.125
4.5625
5.0825
4.27
4.6875
4.1475
4.2275
4.5
5.1875
4.875
4.6025
3.8325
4.6025
4.52
4.875
4.4175
5.2075
4.9175
4.855
5.27
4.125
4.79
5.4175
4.9375
4.9175
5.0625
4.3975
4.3925
5.375
4.54
4.565
5.1675
5.27
4.5225
4.8125
4.48
4.52
4.3775
4.5625
4.77
4.75
4.9175
5.0
5.02
4.75
3.96
5.1075
5.1875
5.75
4.895
3.8325
4.02
5.4375
4.2725
4.73
4.9375
5.23
5.6875
4.9175
5.0625
3.9175
5.5225
4.58
5.0425
5.065
4.5625
4.315
5.0425
4.7075
5.4375
5.355
5.0
4.7925
4.855
4.9375
5.3525
5.2525
4.73
5.105
4.46
5.065
4.98
3.4175
4.1025
5.52
5.1675
4.7475
4.8725
4.6675
5.4375
4.77
5.2475
5.125
4.75
5.125
4.0225
4.7075
4.23
4.71
5.355
5.29
5.23
5.46
4.7075
4.8325
4.27
5.2075
5.335
5.1675
4.9175
4.8725
4.04
4.6875
5.125
4.395
4.2275
4.685
5.645
4.4375
4.73
4.625
4.56
5.125
5.0
5.29
5.0625
5.29
4.98
4.9375
5.1675
4.75
4.9775
5.165
5.415
5.2475
5.395
4.375
5.3525
5.21
4.585
5.5025
5.1025
5.0225
5.0625
4.54
4.7075
5.3925
4.3125
4.415
4.6475
4.27
4.75
4.5025
4.1475
5.105
5.625
4.855
4.96
5.21
4.3525
5.4175
5.0425
5.145
4.54
4.7075
4.2475
4.955
5.0625
5.0425
4.98
4.9375
4.915
4.5625
4.9375
5.2525
4.875
4.685
4.6875
4.98
4.9375
4.52
4.4175
4.9775
5.085
4.6225
4.56
5.5025
4.7925
5.75
4.52
5.105
4.9375
4.3975
4.81
5.4375
4.4775
5.23
4.6675
4.7475
5.7925
4.0
5.395
5.375
5.04
5.5425
5.27
5.25
4.395
5.02
5.5225
5.29
4.4375
5.2475
4.23
4.6675
5.7075
5.21
4.4775
4.8725
3.895
4.5225
4.6225
5.0425
4.4575
4.5825
4.9375
5.9375
4.75
4.5025
5.2075
5.3525
5.1875
4.3975
4.3125
5.335
5.2275
5.085
4.8125
4.73
5.79
4.7075
4.71
5.5825
4.8975
5.5825
5.23
4.6875
4.94
4.6675
4.9375
4.71
4.48
5.2075
4.7925
5.04
4.8125
5.145
5.2075
4.79
4.6875
5.31
4.7275
3.6475
4.915
5.31
5.335
3.98
4.8775
4.335
4.56
5.77
4.29
5.355
5.145
5.3325
4.625
4.6475
4.9375
5.2075
5.145
4.52
5.0825
4.0625
5.04
4.02
5.1225
4.7675
4.92
5.355
4.5825
3.9375
4.685
4.6875
5.1475
4.48
5.315
4.315
4.7925
4.1475
4.9175
5.3725
5.085
4.895
4.105
4.8975
4.92
4.7925
5.105
5.2075
4.375
5.04
4.6025
5.3325
5.29
5.375
4.75
5.71
4.75
4.625
4.73
4.895
4.54
5.185
5.585
4.2925
5.29
4.605
4.7925
4.21
4.875
4.5225
4.6875
4.5425
4.665
4.7725
4.6025
4.955
4.3325
4.52
4.75
4.8525
4.48
4.395
5.1275
4.665
4.9375
4.895
5.5825
4.8125
4.1675
4.375
4.98
5.48
4.02
5.2075
4.8125
5.605
4.355
5.5825
5.04
4.895
4.4825
4.875
4.415
4.79
3.71
4.98
5.125
4.105
5.0425
4.44
5.3125
5.145
4.1275
4.6875
4.3125
4.75
4.5625
4.895
4.9975
3.9775
5.415
4.77
5.0825
4.7075
4.7925
4.415
4.915
5.125
4.48
5.0
5.27
4.94
5.1475
5.0825
4.6275
4.895
4.73
5.455
4.6475
4.8525
5.125
4.4775
5.02
4.145
5.0225
4.4775
5.1225
3.81
5.375
5.395
3.895
5.0825
5.165
4.6675
4.8725
4.75
4.54
5.27
5.2075
5.3325
3.69
4.685
5.815
4.895
5.605
5.2275
4.54
4.73
4.565
5.4575
1.8725
4.7075
5.4175
4.0
4.7725
4.895
4.8525
4.52
4.915
4.3725
5.895
5.0625
5.5
4.46
4.585
4.56
4.6675
4.645
5.145
4.875
4.98
4.0
4.3125
4.54
4.27
4.5825
4.96
4.375
4.355
4.8325
5.21
4.665
1.7275
4.8525
5.545
3.4575
4.4175
5.125
4.27
3.9575
4.6675
5.1875
5.0825
4.7475
4.71
4.375
5.0425
4.915
5.105
4.6875
4.1025
4.9375
5.065
5.125
5.21
5.355
5.3125
5.04
5.3125
4.75
5.3525
5.08
4.895
4.71
1.4575
4.9975
4.875
5.3125
5.48
4.9775
4.7725
4.7725
4.9175
4.9775
4.5025
5.3975
4.4375
4.415
3.4375
4.75
4.2075
3.98
5.5425
5.1875
5.315
4.6275
3.8525
5.06
4.4575
5.1875
5.125
5.6675
4.75
5.065
4.52
4.56
1.3325
4.5425
4.585
5.2075
4.625
4.1675
4.585
4.46
5.835
4.25
5.5825
5.1675
5.0425
4.9375
5.23
4.04
4.73
4.3525
4.6675
4.7925
4.6875
5.21
5.875
5.3975
5.3325
4.77
4.895
4.8125
4.105
5.6025
4.8525
5.21
1.29
5.25
4.1675
5.4575
3.855
4.8775
5.08
4.7925
4.625
4.4775
4.5
5.81
4.645
4.4775
4.98
4.5
4.77
4.6475
5.0
4.8125
4.9975
5.23
5.23
4.815
4.565
5.165
6.0425
3.75
5.4575
5.6675
4.42
4.2075
2.0625
5.4375
3.7075
4.5625
4.9175
4.5225
4.605
4.9375
4.7525
4.1875
5.23
4.5
4.9575
4.52
5.125
4.58
4.29
4.9375
5.185
5.0825
4.77
4.875
4.835
4.585
5.4775
3.81
4.895
4.355
5.04
5.3775
5.54
5.4575
1.5
4.29
5.125
4.545
4.9175
5.5
4.3525
4.625
4.54
4.71
5.52
4.355
4.4175
5.77
5.0625
4.8975
4.29
4.375
5.0
5.1675
5.085
5.27
4.815
4.77
4.96
5.29
4.415
5.165
4.3525
5.165
4.0
4.0825
1.3725
5.56
4.355
5.105
5.25
5.02
5.23
5.065
4.875
4.77
4.46
5.145
4.6675
5.125
4.3125
5.2075
5.125
4.7725
4.96
4.2475
4.625
4.955
5.21
4.8325
5.355
5.585
5.54
5.6875
4.3325
4.875
5.085
4.8325
1.9775
5.4775
5.0825
5.04
5.5425
4.56
5.165
5.52
5.2075
4.23
4.105
4.6675
4.145
4.75
5.21
4.98
4.625
4.31
5.02
4.665
5.0
5.065
4.5825
5.2475
4.5625
4.5825
5.145
4.96
5.0
4.815
5.065
5.02
3.77
4.2925
5.0225
4.81
4.4175
4.565
3.5825
4.6675
5.48
4.9775
4.8125
5.1875
4.4575
5.5625
4.645
5.0825
4.875
5.625
4.9375
4.98
4.9375
4.9575
4.96
5.625
4.625
5.2275
4.0
4.315
5.0825
5.0225
4.9575
5.375
4.875
5.2525
4.27
5.2075
5.1875
4.0825
4.875
4.5
5.04
5.645
4.105
5.645
5.1025
5.44
4.9175
5.3325
4.1025
5.7075
5.1875
5.46
5.6675
4.81
4.645
4.23
4.9375
5.48
4.81
4.6675
5.29
5.67
5.355
3.73
5.125
4.21
5.335
4.3975
5.145
4.77
4.2275
4.8325
4.4975
4.8525
4.79
4.7925
4.645
4.29
3.9575
4.06
4.8975
5.4175
4.1025
5.0
4.8125
5.6025
4.94
5.77
3.9175
4.73
5.2275
4.7075
4.77
4.9175
5.2075
4.5425
3.1025
5.0
4.7925
4.75
4.645
5.2075
5.25
4.8325
4.7925
4.98
4.7275
4.8125
5.6275
4.5
4.4375
4.7275
4.75
5.1675
5.25
4.2925
5.145
4.73
4.625
4.6875
5.75
5.06
4.7075
5.2275
5.56
4.875
4.185
4.685
5.27
4.75
4.04
4.25
4.875
4.605
5.375
4.94
5.23
5.5625
5.29
4.855
4.79
4.25
3.815
4.73
5.145
5.0
4.7925
5.6675
5.605
5.3325
4.5825
5.105
4.3975
5.3125
4.6675
4.7925
4.69
5.31
5.4375
4.4375
4.98
4.77
5.2275
4.605
4.23
5.0225
4.835
4.6225
5.0
3.7925
5.9375
5.27
4.81
3.9575
5.105
4.98
4.435
5.665
5.0425
4.6875
4.27
4.73
5.79
5.3525
5.145
5.1475
5.395
4.6675
5.79
5.105
4.48
5.02
5.1025
4.2075
5.4575
4.5825
4.73
4.06
5.3725
4.2725
5.395
5.0
4.96
4.7925
5.3325
4.0425
4.8975
4.895
4.3125
5.02
4.8975
4.75
4.935
4.7075
4.5625
4.855
5.46
3.8525
5.085
5.0625
4.7075
5.2275
4.5425
4.2275
2.3325
3.77
5.125
3.855
4.9375
4.875
5.685
5.3325
5.4375
5.105
4.875
4.98
5.0625
4.5
4.185
4.9575
5.23
5.6275
5.105
4.73
5.52
4.2925
4.23
4.46
4.7275
4.46
5.8125
3.8775
4.855
4.6675
5.27
4.8525
1.2275
5.5425
4.7925
4.5625
4.77
4.75
5.3125
5.6875
5.2725
4.9375
4.4375
5.335
4.895
4.9775
3.7725
4.0625
5.0425
4.6025
4.73
5.665
4.4575
4.5825
4.625
4.29
5.3125
4.52
5.2525
5.0
4.3325
4.0
5.48
5.46
4.895
5.105
4.6875
5.2275
5.5
4.855
4.4175
5.0825
4.8125
5.7925
4.3325
4.8325
4.605
4.645
5.355
5.31
5.06
4.8125
4.9375
4.7725
4.8125
5.375
4.3775
4.355
5.645
5.065
5.0225
4.9375
4.375
5.5825
4.665
3.855
4.6275
4.7925
5.0225
4.7925
4.79
5.0825
4.8975
5.2925
5.1475
5.6025
4.8325
4.645
5.165
5.02
4.94
4.7075
4.9775
4.2075
5.125
5.0025
5.02
5.1675
4.7275
5.5
5.5425
4.8325
5.1875
4.5625
4.2475
4.375
4.2925
4.855
4.8325
4.6875
5.2275
5.625
5.25
4.4775
4.5
4.585
5.8325
4.895
4.5425
5.1675
5.56
4.105
4.815
5.2275
5.0225
4.9375
3.665
4.585
5.315
4.625
4.25
4.71
4.915
5.0825
4.46
4.5225
5.105
4.1025
5.375
4.625
4.7925
4.54
4.645
5.0625
4.7275
5.2075
4.855
4.5025
4.77
5.3975
4.9175
4.625
4.105
4.2725
5.395
4.8125
4.335
5.085
5.0825
5.085
4.75
4.44
5.4375
3.9775
5.17
5.46
5.4575
4.9175
4.7675
5.5825
4.6875
5.04
4.73
5.335
4.5025
5.56
5.25
4.23
5.1025
4.2275
4.585
5.0225
3.8525
5.0
4.5625
4.46
4.915
5.2725
4.6225
4.4575
5.3725
4.7925
5.165
5.415
5.1025
5.1875
4.7275
4.645
5.395
4.3975
5.585
4.8925
5.335
4.7075
5.5
5.0625
4.44
3.8325
4.8325
5.625
4.4375
4.145
4.6675
4.8775
4.54
4.2475
4.5425
5.4375
4.915
4.6025
4.355
4.8975
5.1875
4.75
5.27
4.3525
4.98
4.6875
5.165
4.3125
5.0175
5.0
5.145
5.355
4.52
5.8325
1.145
5.0825
4.7925
4.8975
4.7525
4.3325
4.73
4.645
4.605
3.75
5.6425
4.7925
5.0625
4.8325
